3 1 607 532 60 33 -1 -1 -1 0 
4 1 610 532 58 33 -1 -1 -1 0 
5 1 610 532 58 33 -1 -1 -1 0 
6 1 612 527 55 34 -1 -1 -1 0 
7 1 611 516 55 33 -1 -1 -1 0 
8 1 613 501 53 33 -1 -1 -1 0 
9 1 612 490 57 34 -1 -1 -1 0 
10 1 612 488 57 33 -1 -1 -1 0 
11 1 613 489 56 33 -1 -1 -1 0 
12 1 614 489 54 34 -1 -1 -1 0 
13 1 612 487 57 34 -1 -1 -1 0 
14 1 612 486 57 34 -1 -1 -1 0 
15 1 611 487 59 36 -1 -1 -1 0 
16 1 611 488 60 36 -1 -1 -1 0 
17 1 613 487 57 35 -1 -1 -1 0 
18 1 613 488 56 36 -1 -1 -1 0 
19 1 611 490 60 34 -1 -1 -1 0 
20 1 611 490 60 34 -1 -1 -1 0 
21 1 613 489 57 34 -1 -1 -1 0 
22 1 613 490 57 34 -1 -1 -1 0 
23 1 613 491 57 34 -1 -1 -1 0 
24 1 613 492 57 34 -1 -1 -1 0 
25 1 613 491 56 34 -1 -1 -1 0 
26 1 613 491 57 34 -1 -1 -1 0 
27 1 614 493 57 32 -1 -1 -1 0 
28 1 614 494 55 33 -1 -1 -1 0 
29 1 614 494 54 33 -1 -1 -1 0 
30 1 615 494 53 33 -1 -1 -1 0 
31 1 614 495 53 33 -1 -1 -1 0 
32 1 613 495 54 34 -1 -1 -1 0 
33 1 612 496 55 33 -1 -1 -1 0 
34 1 612 496 55 33 -1 -1 -1 0 
35 1 613 497 53 32 -1 -1 -1 0 
36 1 613 497 54 33 -1 -1 -1 0 
37 1 613 497 54 34 -1 -1 -1 0 
38 1 612 498 54 34 -1 -1 -1 0 
39 1 610 498 56 35 -1 -1 -1 0 
40 1 610 499 56 35 -1 -1 -1 0 
41 1 611 499 55 35 -1 -1 -1 0 
42 1 611 500 55 34 -1 -1 -1 0 
43 1 611 500 55 34 -1 -1 -1 0 
44 1 611 500 55 34 -1 -1 -1 0 
45 1 611 500 55 34 -1 -1 -1 0 
46 1 610 500 56 35 -1 -1 -1 0 
47 1 610 500 55 35 -1 -1 -1 0 
48 1 610 502 53 34 -1 -1 -1 0 
49 1 610 502 53 35 -1 -1 -1 0 
50 1 609 503 55 34 -1 -1 -1 0 
51 1 608 503 57 34 -1 -1 -1 0 
52 1 608 504 56 35 -1 -1 -1 0 
53 1 608 504 56 35 -1 -1 -1 0 
54 1 607 505 59 35 -1 -1 -1 0 
55 1 606 505 59 36 -1 -1 -1 0 
56 1 604 505 62 37 -1 -1 -1 0 
57 1 604 506 59 37 -1 -1 -1 0 
58 1 603 507 59 36 -1 -1 -1 0 
59 1 602 508 60 35 -1 -1 -1 0 
60 1 602 508 59 35 -1 -1 -1 0 
61 1 603 508 56 35 -1 -1 -1 0 
62 1 603 509 55 34 -1 -1 -1 0 
63 1 602 510 57 34 -1 -1 -1 0 
64 1 599 511 61 33 -1 -1 -1 0 
65 1 600 512 59 34 -1 -1 -1 0 
66 1 600 511 59 36 -1 -1 -1 0 
67 1 598 512 62 36 -1 -1 -1 0 
68 1 598 512 63 36 -1 -1 -1 0 
69 1 599 512 61 37 -1 -1 -1 0 
70 1 601 513 57 36 -1 -1 -1 0 
71 1 601 514 56 35 -1 -1 -1 0 
72 1 600 515 56 35 -1 -1 -1 0 
73 1 599 516 57 35 -1 -1 -1 0 
74 1 599 517 56 34 -1 -1 -1 0 
75 1 599 518 57 35 -1 -1 -1 0 
76 1 597 520 57 34 -1 -1 -1 0 
77 1 597 520 58 35 -1 -1 -1 0 
78 1 597 521 56 34 -1 -1 -1 0 
79 1 596 521 56 35 -1 -1 -1 0 
80 1 594 522 61 35 -1 -1 -1 0 
81 1 594 523 60 35 -1 -1 -1 0 
82 1 595 523 59 35 -1 -1 -1 0 
83 1 594 523 60 36 -1 -1 -1 0 
84 1 594 524 60 36 -1 -1 -1 0 
85 1 596 525 58 36 -1 -1 -1 0 
86 1 596 525 57 36 -1 -1 -1 0 
87 1 595 528 56 34 -1 -1 -1 0 
88 1 595 529 59 34 -1 -1 -1 0 
89 1 595 530 56 34 -1 -1 -1 0 
90 1 595 529 58 35 -1 -1 -1 0 
91 1 595 530 60 35 -1 -1 -1 0 
92 1 595 532 60 35 -1 -1 -1 0 
93 1 595 533 60 35 -1 -1 -1 0 
94 1 594 533 60 35 -1 -1 -1 0 
95 1 594 534 60 34 -1 -1 -1 0 
96 1 594 534 59 34 -1 -1 -1 0 
97 1 594 536 59 33 -1 -1 -1 0 
98 1 595 537 58 33 -1 -1 -1 0 
99 1 595 537 58 34 -1 -1 -1 0 
100 1 596 537 56 34 -1 -1 -1 0 
101 1 600 538 58 34 -1 -1 -1 0 
102 1 626 537 62 37 -1 -1 -1 0 
103 1 646 540 61 36 -1 -1 -1 0 
104 1 644 540 62 36 -1 -1 -1 0 
105 1 644 540 65 37 -1 -1 -1 0 
106 1 649 541 58 37 -1 -1 -1 0 
107 1 645 544 59 35 -1 -1 -1 0 
108 1 645 543 63 36 -1 -1 -1 0 
109 1 646 542 62 37 -1 -1 -1 0 
110 1 642 542 62 37 -1 -1 -1 0 
111 1 642 544 62 36 -1 -1 -1 0 
112 1 643 544 60 36 -1 -1 -1 0 
113 1 644 544 57 36 -1 -1 -1 0 
114 1 639 545 62 36 -1 -1 -1 0 
115 1 641 547 59 34 -1 -1 -1 0 
116 1 640 547 58 35 -1 -1 -1 0 
117 1 639 548 58 34 -1 -1 -1 0 
118 1 643 548 56 36 -1 -1 -1 0 
119 1 640 551 57 34 -1 -1 -1 0 
120 1 643 552 58 34 -1 -1 -1 0 
121 1 644 552 57 35 -1 -1 -1 0 
122 1 645 553 58 35 -1 -1 -1 0 
123 1 648 555 58 34 -1 -1 -1 0 
124 1 648 556 59 34 -1 -1 -1 0 
125 1 648 557 59 34 -1 -1 -1 0 
126 1 648 558 60 34 -1 -1 -1 0 
127 1 646 559 62 34 -1 -1 -1 0 
128 1 649 560 58 35 -1 -1 -1 0 
129 1 647 560 62 36 -1 -1 -1 0 
130 1 646 561 62 36 -1 -1 -1 0 
131 1 646 561 62 37 -1 -1 -1 0 
132 1 651 562 54 36 -1 -1 -1 0 
133 1 651 563 55 35 -1 -1 -1 0 
134 1 648 564 59 35 -1 -1 -1 0 
135 1 649 565 57 36 -1 -1 -1 0 
136 1 649 567 58 35 -1 -1 -1 0 
137 1 650 568 58 35 -1 -1 -1 0 
138 1 649 569 60 34 -1 -1 -1 0 
139 1 651 571 58 32 -1 -1 -1 0 
140 1 653 572 56 32 -1 -1 -1 0 
141 1 652 572 57 32 -1 -1 -1 0 
142 1 659 571 60 34 -1 -1 -1 0 
143 1 687 571 58 34 -1 -1 -1 0 
144 1 712 572 57 34 -1 -1 -1 0 
145 1 724 571 56 35 -1 -1 -1 0 
146 1 728 571 57 35 -1 -1 -1 0 
147 1 730 571 55 35 -1 -1 -1 0 
148 1 731 572 54 33 -1 -1 -1 0 
149 1 734 572 52 34 -1 -1 -1 0 
150 1 734 572 54 34 -1 -1 -1 0 
151 1 732 572 57 35 -1 -1 -1 0 
152 1 732 572 57 35 -1 -1 -1 0 
153 1 732 572 57 35 -1 -1 -1 0 
154 1 734 572 54 35 -1 -1 -1 0 
155 1 734 573 54 34 -1 -1 -1 0 
156 1 734 573 55 34 -1 -1 -1 0 
157 1 734 573 55 35 -1 -1 -1 0 
158 1 734 573 54 35 -1 -1 -1 0 
159 1 733 572 59 36 -1 -1 -1 0 
160 1 733 571 60 37 -1 -1 -1 0 
161 1 732 571 61 37 -1 -1 -1 0 
162 1 733 571 60 36 -1 -1 -1 0 
163 1 736 571 56 34 -1 -1 -1 0 
164 1 738 563 57 34 -1 -1 -1 0 
165 1 738 545 58 35 -1 -1 -1 0 
166 1 738 522 57 38 -1 -1 -1 0 
167 1 738 511 61 36 -1 -1 -1 0 
168 1 739 509 60 35 -1 -1 -1 0 
169 1 740 509 57 34 -1 -1 -1 0 
170 1 740 507 57 35 -1 -1 -1 0 
171 1 738 505 59 35 -1 -1 -1 0 
172 1 741 505 56 34 -1 -1 -1 0 
173 1 742 506 55 34 -1 -1 -1 0 
174 1 742 506 56 35 -1 -1 -1 0 
175 1 743 505 52 34 -1 -1 -1 0 
176 1 744 504 50 33 -1 -1 -1 0 
177 1 744 505 56 32 -1 -1 -1 0 
178 1 744 505 55 33 -1 -1 -1 0 
179 1 747 503 49 33 -1 -1 -1 0 
180 1 746 501 50 34 -1 -1 -1 0 
181 1 745 501 52 33 -1 -1 -1 0 
182 1 746 503 52 31 -1 -1 -1 0 
183 1 749 499 49 34 -1 -1 -1 0 
184 1 748 498 52 34 -1 -1 -1 0 
185 1 748 498 53 35 -1 -1 -1 0 
186 1 749 499 55 32 -1 -1 -1 0 
187 1 752 498 51 32 -1 -1 -1 0 
188 1 751 497 52 32 -1 -1 -1 0 
189 1 752 496 50 33 -1 -1 -1 0 
190 1 751 496 53 33 -1 -1 -1 0 
191 1 751 495 54 33 -1 -1 -1 0 
192 1 752 494 53 33 -1 -1 -1 0 
193 1 751 493 57 34 -1 -1 -1 0 
194 1 749 492 63 35 -1 -1 -1 0 
195 1 748 491 65 36 -1 -1 -1 0 
196 1 750 490 63 36 -1 -1 -1 0 
197 1 750 489 63 36 -1 -1 -1 0 
198 1 754 488 57 36 -1 -1 -1 0 
199 1 751 489 62 34 -1 -1 -1 0 
200 1 756 488 53 32 -1 -1 -1 0 
201 1 756 486 52 33 -1 -1 -1 0 
202 1 756 487 54 31 -1 -1 -1 0 
203 1 757 488 52 28 -1 -1 -1 0 
204 1 756 486 53 30 -1 -1 -1 0 
206 1 759 484 51 32 -1 -1 -1 0 
207 1 758 484 57 31 -1 -1 -1 0 
208 1 762 482 53 33 -1 -1 -1 0 
210 1 762 479 51 35 -1 -1 -1 0 
212 1 751 479 63 35 -1 -1 -1 0 
213 1 759 480 59 33 -1 -1 -1 0 
214 1 759 479 60 33 -1 -1 -1 0 
223 1 761 475 54 32 -1 -1 -1 0 
224 1 761 475 54 32 -1 -1 -1 0 
225 1 762 475 53 31 -1 -1 -1 0 
226 1 761 474 54 33 -1 -1 -1 0 
227 1 761 474 55 33 -1 -1 -1 0 
228 1 761 473 55 34 -1 -1 -1 0 
229 1 760 472 56 34 -1 -1 -1 0 
230 1 762 472 54 34 -1 -1 -1 0 
231 1 761 471 55 35 -1 -1 -1 0 
232 1 762 470 53 35 -1 -1 -1 0 
233 1 762 470 52 35 -1 -1 -1 0 
234 1 762 470 52 35 -1 -1 -1 0 
235 1 762 470 52 35 -1 -1 -1 0 
236 1 762 470 53 35 -1 -1 -1 0 
237 1 763 470 53 35 -1 -1 -1 0 
238 1 763 470 53 34 -1 -1 -1 0 
239 1 763 470 53 34 -1 -1 -1 0 
240 1 764 469 51 35 -1 -1 -1 0 
241 1 763 469 52 35 -1 -1 -1 0 
242 1 763 468 52 36 -1 -1 -1 0 
243 1 763 468 52 36 -1 -1 -1 0 
244 1 763 468 52 36 -1 -1 -1 0 
245 1 763 467 51 36 -1 -1 -1 0 
246 1 764 467 49 36 -1 -1 -1 0 
247 1 763 467 51 35 -1 -1 -1 0 
248 1 764 467 50 35 -1 -1 -1 0 
249 1 764 467 50 35 -1 -1 -1 0 
250 1 765 467 48 35 -1 -1 -1 0 
251 1 765 467 48 35 -1 -1 -1 0 
252 1 765 466 48 35 -1 -1 -1 0 
253 1 765 466 48 35 -1 -1 -1 0 
254 1 765 466 48 35 -1 -1 -1 0 
255 1 764 465 50 36 -1 -1 -1 0 
256 1 764 465 50 36 -1 -1 -1 0 
257 1 762 465 55 35 -1 -1 -1 0 
258 1 762 466 55 33 -1 -1 -1 0 
259 1 762 465 56 33 -1 -1 -1 0 
260 1 762 465 57 33 -1 -1 -1 0 
261 1 761 464 59 34 -1 -1 -1 0 
262 1 762 464 60 34 -1 -1 -1 0 
263 1 764 463 59 34 -1 -1 -1 0 
264 1 764 463 61 33 -1 -1 -1 0 
265 1 764 462 62 34 -1 -1 -1 0 
266 1 765 462 61 34 -1 -1 -1 0 
267 1 765 461 62 35 -1 -1 -1 0 
268 1 764 461 64 34 -1 -1 -1 0 
269 1 765 460 63 34 -1 -1 -1 0 
270 1 766 459 60 35 -1 -1 -1 0 
271 1 765 459 62 35 -1 -1 -1 0 
272 1 765 459 61 35 -1 -1 -1 0 
273 1 765 459 63 35 -1 -1 -1 0 
274 1 766 459 61 35 -1 -1 -1 0 
275 1 766 458 61 36 -1 -1 -1 0 
276 1 767 458 61 36 -1 -1 -1 0 
277 1 767 457 61 36 -1 -1 -1 0 
278 1 767 456 61 37 -1 -1 -1 0 
279 1 768 455 59 37 -1 -1 -1 0 
280 1 766 455 63 37 -1 -1 -1 0 
281 1 766 454 62 38 -1 -1 -1 0 
282 1 766 453 62 38 -1 -1 -1 0 
283 1 767 453 60 38 -1 -1 -1 0 
284 1 766 453 62 38 -1 -1 -1 0 
285 1 766 453 60 38 -1 -1 -1 0 
286 1 764 452 62 39 -1 -1 -1 0 
287 1 763 451 62 39 -1 -1 -1 0 
288 1 762 451 64 38 -1 -1 -1 0 
289 1 764 451 62 37 -1 -1 -1 0 
290 1 763 451 63 36 -1 -1 -1 0 
291 1 763 451 63 36 -1 -1 -1 0 
292 1 762 452 62 35 -1 -1 -1 0 
293 1 763 452 60 34 -1 -1 -1 0 
294 1 763 451 59 35 -1 -1 -1 0 
295 1 761 450 62 36 -1 -1 -1 0 
296 1 760 450 63 36 -1 -1 -1 0 
297 1 761 449 59 36 -1 -1 -1 0 
298 1 760 449 59 35 -1 -1 -1 0 
299 1 761 448 56 35 -1 -1 -1 0 
300 1 760 449 55 34 -1 -1 -1 0 
301 1 760 448 53 35 -1 -1 -1 0 
302 1 759 447 54 35 -1 -1 -1 0 
303 1 757 446 57 35 -1 -1 -1 0 
304 1 756 445 58 36 -1 -1 -1 0 
305 1 755 446 60 35 -1 -1 -1 0 
306 1 756 446 57 34 -1 -1 -1 0 
307 1 757 446 55 34 -1 -1 -1 0 
308 1 756 445 56 35 -1 -1 -1 0 
309 1 756 445 55 35 -1 -1 -1 0 
310 1 756 444 54 35 -1 -1 -1 0 
311 1 754 443 57 36 -1 -1 -1 0 
312 1 752 443 59 37 -1 -1 -1 0 
313 1 751 442 60 38 -1 -1 -1 0 
314 1 751 443 61 37 -1 -1 -1 0 
315 1 752 443 59 36 -1 -1 -1 0 
316 1 753 444 58 35 -1 -1 -1 0 
317 1 753 444 58 35 -1 -1 -1 0 
318 1 753 443 58 36 -1 -1 -1 0 
319 1 751 443 62 36 -1 -1 -1 0 
320 1 751 442 61 37 -1 -1 -1 0 
321 1 750 441 62 37 -1 -1 -1 0 
322 1 751 441 61 38 -1 -1 -1 0 
323 1 750 441 62 38 -1 -1 -1 0 
324 1 751 441 60 38 -1 -1 -1 0 
325 1 749 442 61 37 -1 -1 -1 0 
326 1 750 442 59 37 -1 -1 -1 0 
327 1 749 442 60 37 -1 -1 -1 0 
328 1 749 443 58 36 -1 -1 -1 0 
329 1 749 443 57 36 -1 -1 -1 0 
330 1 749 443 54 36 -1 -1 -1 0 
331 1 747 442 57 37 -1 -1 -1 0 
332 1 744 444 59 36 -1 -1 -1 0 
333 1 744 442 56 37 -1 -1 -1 0 
334 1 741 443 57 36 -1 -1 -1 0 
335 1 739 442 57 37 -1 -1 -1 0 
336 1 738 441 58 38 -1 -1 -1 0 
337 1 735 441 61 39 -1 -1 -1 0 
338 1 732 441 64 39 -1 -1 -1 0 
339 1 732 442 59 39 -1 -1 -1 0 
340 1 731 444 54 37 -1 -1 -1 0 
341 1 728 444 54 37 -1 -1 -1 0 
342 1 723 442 57 39 -1 -1 -1 0 
343 1 721 442 60 39 -1 -1 -1 0 
344 1 720 444 55 38 -1 -1 -1 0 
345 1 717 445 52 37 -1 -1 -1 0 
346 1 714 447 53 36 -1 -1 -1 0 
347 1 712 448 56 36 -1 -1 -1 0 
348 1 710 448 53 36 -1 -1 -1 0 
349 1 706 448 56 37 -1 -1 -1 0 
350 1 702 449 58 38 -1 -1 -1 0 
351 1 695 453 61 36 -1 -1 -1 0 
352 1 693 455 60 35 -1 -1 -1 0 
353 1 691 456 54 35 -1 -1 -1 0 
354 1 686 457 58 36 -1 -1 -1 0 
355 1 685 458 54 36 -1 -1 -1 0 
356 1 680 459 59 37 -1 -1 -1 0 
357 1 675 460 65 38 -1 -1 -1 0 
358 1 639 461 105 42 -1 -1 -1 0 
359 1 660 460 70 42 -1 -1 -1 0 
360 1 667 457 62 46 -1 -1 -1 0 
362 1 660 464 65 42 -1 -1 -1 0 
363 1 661 469 54 38 -1 -1 -1 0 
364 1 660 471 50 37 -1 -1 -1 0 
367 1 653 477 48 35 -1 -1 -1 0 
368 1 648 479 50 36 -1 -1 -1 0 
369 1 640 481 54 35 -1 -1 -1 0 
370 1 637 484 54 34 -1 -1 -1 0 
371 1 632 484 58 36 -1 -1 -1 0 
372 1 629 484 58 38 -1 -1 -1 0 
373 1 621 488 67 37 -1 -1 -1 0 
374 1 622 492 60 34 -1 -1 -1 0 
375 1 619 495 54 34 -1 -1 -1 0 
835 42 696 396 39 24 -1 -1 -1 0 
836 42 697 393 37 24 -1 -1 -1 0 
837 42 697 391 37 23 -1 -1 -1 0 
841 42 695 376 39 25 -1 -1 -1 0 
842 42 695 371 39 25 -1 -1 -1 0 
843 42 694 367 40 26 -1 -1 -1 0 
845 42 694 364 42 25 -1 -1 -1 0 
846 42 694 359 42 26 -1 -1 -1 0 
848 42 692 354 44 28 -1 -1 -1 0 
849 42 692 352 45 28 -1 -1 -1 0 
850 42 692 351 46 28 -1 -1 -1 0 
851 42 692 351 45 27 -1 -1 -1 0 
853 42 692 351 43 26 -1 -1 -1 0 
856 42 694 364 39 27 -1 -1 -1 0 
857 42 693 363 40 27 -1 -1 -1 0 
858 42 694 399 33 24 -1 -1 -1 0 
859 42 694 419 34 22 -1 -1 -1 0 
864 42 691 429 38 21 -1 -1 -1 0 
865 42 691 432 35 21 -1 -1 -1 0 
866 42 688 430 37 24 -1 -1 -1 0 
867 42 686 428 40 27 -1 -1 -1 0 
868 42 688 431 38 24 -1 -1 -1 0 
869 42 688 431 37 24 -1 -1 -1 0 
870 42 686 432 38 22 -1 -1 -1 0 
872 42 684 430 39 24 -1 -1 -1 0 
875 42 681 430 40 25 -1 -1 -1 0 
876 42 680 430 40 25 -1 -1 -1 0 
877 42 680 431 40 24 -1 -1 -1 0 
882 42 675 455 38 21 -1 -1 -1 0 
884 42 671 499 37 22 -1 -1 -1 0 
886 42 667 536 36 22 -1 -1 -1 0 
887 42 665 554 35 23 -1 -1 -1 0 
888 42 664 561 34 23 -1 -1 -1 0 
889 42 663 564 34 24 -1 -1 -1 0 
890 42 663 566 32 23 -1 -1 -1 0 
892 42 658 566 37 23 -1 -1 -1 0 
896 42 656 567 37 23 -1 -1 -1 0 
897 42 654 568 39 22 -1 -1 -1 0 
898 42 652 568 40 23 -1 -1 -1 0 
899 42 649 567 44 25 -1 -1 -1 0 
900 42 648 566 44 26 -1 -1 -1 0 
901 42 646 565 47 27 -1 -1 -1 0 
902 42 646 564 48 27 -1 -1 -1 0 
903 42 645 564 48 28 -1 -1 -1 0 
904 42 644 564 50 29 -1 -1 -1 0 
905 42 644 564 50 30 -1 -1 -1 0 
906 42 643 564 52 30 -1 -1 -1 0 
907 42 643 564 51 30 -1 -1 -1 0 
908 42 644 565 49 30 -1 -1 -1 0 
909 42 645 566 46 29 -1 -1 -1 0 
910 42 645 566 45 29 -1 -1 -1 0 
911 42 644 565 45 30 -1 -1 -1 0 
912 42 642 565 47 29 -1 -1 -1 0 
913 42 643 565 44 30 -1 -1 -1 0 
914 42 643 566 45 29 -1 -1 -1 0 
915 42 644 568 43 26 -1 -1 -1 0 
916 42 645 569 40 25 -1 -1 -1 0 
917 42 645 570 39 25 -1 -1 -1 0 
918 42 644 570 39 25 -1 -1 -1 0 
919 42 641 569 43 27 -1 -1 -1 0 
920 42 641 570 43 27 -1 -1 -1 0 
921 42 641 571 43 27 -1 -1 -1 0 
922 42 640 571 43 27 -1 -1 -1 0 
923 42 640 571 42 28 -1 -1 -1 0 
924 42 637 571 47 28 -1 -1 -1 0 
925 42 638 572 44 27 -1 -1 -1 0 
926 42 638 573 45 27 -1 -1 -1 0 
927 42 637 574 46 27 -1 -1 -1 0 
928 42 636 574 47 28 -1 -1 -1 0 
929 42 637 575 45 27 -1 -1 -1 0 
930 42 637 575 47 29 -1 -1 -1 0 
931 42 636 576 47 29 -1 -1 -1 0 
933 42 639 578 43 28 -1 -1 -1 0 
934 42 640 581 42 25 -1 -1 -1 0 
935 42 641 582 42 24 -1 -1 -1 0 
936 42 640 583 43 24 -1 -1 -1 0 
937 42 640 584 43 24 -1 -1 -1 0 
938 42 641 584 41 25 -1 -1 -1 0 
939 42 640 584 42 25 -1 -1 -1 0 
940 42 639 585 44 25 -1 -1 -1 0 
941 42 640 585 42 25 -1 -1 -1 0 
979 53 820 588 52 29 -1 -1 -1 0 
980 53 819 587 52 31 -1 -1 -1 0 
981 53 822 592 51 26 -1 -1 -1 0 
982 53 825 592 43 25 -1 -1 -1 0 
983 53 823 592 50 25 -1 -1 -1 0 
984 53 820 589 51 28 -1 -1 -1 0 
986 53 823 591 50 28 -1 -1 -1 0 
988 53 823 591 52 28 -1 -1 -1 0 
989 53 820 590 53 30 -1 -1 -1 0 
990 53 824 593 48 26 -1 -1 -1 0 
991 53 825 592 48 27 -1 -1 -1 0 
992 53 825 592 49 27 -1 -1 -1 0 
993 53 826 593 49 27 -1 -1 -1 0 
994 53 827 593 47 27 -1 -1 -1 0 
995 53 827 593 47 27 -1 -1 -1 0 
996 53 828 593 47 27 -1 -1 -1 0 
997 53 828 593 47 27 -1 -1 -1 0 
998 53 829 593 46 26 -1 -1 -1 0 
1001 53 830 592 45 27 -1 -1 -1 0 
1006 53 832 590 44 22 -1 -1 -1 0 
1015 53 833 565 44 24 -1 -1 -1 0 
1016 53 833 552 45 26 -1 -1 -1 0 
1017 53 832 545 47 27 -1 -1 -1 0 
1018 53 833 543 45 27 -1 -1 -1 0 
1019 53 834 543 45 27 -1 -1 -1 0 
1020 53 834 543 45 27 -1 -1 -1 0 
1021 53 832 543 48 26 -1 -1 -1 0 
1022 53 834 544 45 24 -1 -1 -1 0 
1023 53 834 543 44 26 -1 -1 -1 0 
1024 53 833 543 47 26 -1 -1 -1 0 
1025 53 833 544 46 25 -1 -1 -1 0 
1026 53 833 544 46 25 -1 -1 -1 0 
1027 53 833 543 47 28 -1 -1 -1 0 
1028 53 831 543 50 29 -1 -1 -1 0 
1029 53 831 543 50 28 -1 -1 -1 0 
1030 53 831 544 50 26 -1 -1 -1 0 
1031 53 832 544 49 27 -1 -1 -1 0 
1032 53 831 544 50 26 -1 -1 -1 0 
1033 53 832 544 48 26 -1 -1 -1 0 
1034 53 832 544 48 25 -1 -1 -1 0 
1035 53 832 544 48 26 -1 -1 -1 0 
1036 53 832 544 48 25 -1 -1 -1 0 
1037 53 833 544 46 25 -1 -1 -1 0 
1038 53 833 544 46 25 -1 -1 -1 0 
1039 53 834 544 45 25 -1 -1 -1 0 
1040 53 835 544 45 25 -1 -1 -1 0 
1041 53 834 543 45 26 -1 -1 -1 0 
1042 53 833 543 48 26 -1 -1 -1 0 
1043 53 832 543 49 26 -1 -1 -1 0 
1044 53 832 542 49 27 -1 -1 -1 0 
1045 53 832 542 48 26 -1 -1 -1 0 
1046 53 833 542 47 25 -1 -1 -1 0 
1049 53 834 542 45 25 -1 -1 -1 0 
1050 53 834 541 45 25 -1 -1 -1 0 
1051 53 834 540 45 26 -1 -1 -1 0 
1052 53 833 540 47 26 -1 -1 -1 0 
1053 53 834 540 45 25 -1 -1 -1 0 
1054 53 834 539 45 26 -1 -1 -1 0 
1055 53 834 539 45 26 -1 -1 -1 0 
1056 53 833 539 46 26 -1 -1 -1 0 
1057 53 834 539 44 25 -1 -1 -1 0 
1058 53 834 539 45 25 -1 -1 -1 0 
1059 53 833 538 47 26 -1 -1 -1 0 
1060 53 833 537 47 27 -1 -1 -1 0 
1061 53 833 537 47 27 -1 -1 -1 0 
1062 53 832 537 49 27 -1 -1 -1 0 
1063 53 831 537 50 27 -1 -1 -1 0 
1064 53 830 536 52 29 -1 -1 -1 0 
1065 53 829 536 55 29 -1 -1 -1 0 
1066 53 829 536 55 29 -1 -1 -1 0 
1067 53 830 536 55 29 -1 -1 -1 0 
1068 53 831 536 53 29 -1 -1 -1 0 
1069 53 832 536 52 28 -1 -1 -1 0 
1070 53 834 537 49 26 -1 -1 -1 0 
1071 53 835 537 48 26 -1 -1 -1 0 
1072 53 835 536 49 26 -1 -1 -1 0 
1073 53 835 536 50 26 -1 -1 -1 0 
1074 53 835 535 50 27 -1 -1 -1 0 
1075 53 835 535 50 27 -1 -1 -1 0 
1076 53 834 535 51 28 -1 -1 -1 0 
1077 53 833 535 53 28 -1 -1 -1 0 
1078 53 834 535 51 28 -1 -1 -1 0 
1079 53 835 534 50 28 -1 -1 -1 0 
1080 53 835 533 50 29 -1 -1 -1 0 
1081 53 836 532 48 29 -1 -1 -1 0 
1082 53 835 531 51 30 -1 -1 -1 0 
1083 53 834 531 52 29 -1 -1 -1 0 
1084 53 834 530 52 30 -1 -1 -1 0 
1085 53 833 529 54 31 -1 -1 -1 0 
1086 53 833 529 54 30 -1 -1 -1 0 
1087 53 832 529 55 31 -1 -1 -1 0 
1088 53 831 529 55 31 -1 -1 -1 0 
1089 53 832 529 53 30 -1 -1 -1 0 
1128 57 838 525 46 26 -1 -1 -1 0 
